71.8 -410 70 -70 
72.328 -410.2 12.3187 -78.3847 
72.8709 -410.213 13.0484 -78.143 
73.4109 -410.226 13.3692 -78.1209 
73.9526 -410.238 13.4999 -78.3574 
74.4979 -410.246 13.4559 -78.3372 
75.0404 -410.248 12.9753 -78.5765 
75.5867 -410.251 12.6127 -78.8051 
76.1358 -410.253 12.8651 -79.2432 
76.7009 -410.257 12.2787 -79.3472 
77.2789 -410.269 11.3018 -79.3687 
77.8661 -410.284 10.438 -79.0729 
78.5047 -410.298 9.78806 -78.9776 
79.2417 -410.306 10.0759 -78.9264 
80.0588 -410.317 10.4734 -78.6958 
80.9054 -410.341 10.7175 -78.6838 
81.7414 -410.364 10.8339 -78.5415 
82.5405 -410.387 10.8834 -78.4674 
83.3333 -410.413 10.6417 -78.8055 
84.1003 -410.428 10.1566 -79.0692 
84.8395 -410.436 9.54391 -79.2529 
85.5201 -410.438 9.12508 -79.5146 
82.2648 -410.428 22.0983 -80.4401 
83.1711 -410.456 20.4788 -80.586 
84.1099 -410.473 18.516 -80.8452 
85.0073 -410.482 16.5176 -81.1761 
85.7766 -410.484 14.33 -81.6369 
86.4869 -410.474 14.2364 -81.6703 
87.1643 -410.474 13.6706 -81.65 
87.8448 -410.474 12.7891 -82.4937 
88.5327 -410.464 11.9447 -82.7919 
86.0546 -410.486 12.1173 -92.4537 
84.7899 -410.439 24.2604 -92.9388 
82.215 -410.487 34.4829 -93.1953 
82.8589 -410.517 31.8072 -93.6637 
83.7417 -410.537 29.1268 -93.9719 
84.7482 -410.565 26.6206 -94.3271 
85.5856 -410.56 23.8565 -95.1236 
86.1463 -410.55 21.7253 -96.6231 
85.9492 -410.503 33.1991 -94.847 
86.0798 -410.467 41.5476 -92.4021 
86.7526 -410.469 32.7203 -96.0826 
87.4616 -410.417 42.3884 -93.0305 
89.1334 -410.414 50.3025 -90.0549 
89.0806 -410.433 49.2044 -91.8152 
90.2268 -410.303 23.2903 -102.921 
88.3447 -410.363 19.2095 -122.495 
89.0754 -410.402 11.4238 -144.461 
88.0769 -410.497 3.48977 -168.812 
98.6423 -410.582 -11.9172 -208.203 
83.4375 -411.227 -29.1812 -346.142 
142.304 -411.087 2.73177 -394.791 
157.506 -411.615 -5.23976 -246.933 
158.238 -411.429 -2.70196 -243.128 
188.522 -412.141 -26.1851 -286.303 
194.502 -403.754 -19.0931 -299.554 
193.298 -403.241 42.3488 -302.131 
193.358 -402.762 64.6329 -326.008 
194.115 -402.344 66.9588 -359.742 
195.002 -401.932 58.6364 -399.425 
195.224 -401.648 42.0768 -437.682 
197.956 -401.332 30.3434 -473.076 
196.352 -400.898 -8 -459.92 
187.021 -403.08 -7.99998 -425.168 
