0 -400 0 0 
1.38883 -386.541 20.2582 -2.15551 
2.77765 -373.083 40.5165 -4.31102 
4.16648 -359.624 60.7747 -6.46652 
5.5553 -346.166 81.0329 -8.62203 
6.94413 -332.707 101.291 -10.7775 
8.33295 -319.249 121.549 -12.933 
9.72178 -305.79 141.808 -15.0886 
11.1106 -292.332 162.066 -17.2441 
28.8446 -292.371 178.729 -19.6826 
46.5787 -292.411 195.392 -22.1211 
64.3127 -292.451 212.055 -24.5597 
82.0468 -292.49 228.718 -26.9982 
99.7808 -292.53 245.381 -29.4367 
117.515 -292.57 262.044 -31.8752 
114.942 -272.681 267.389 -38.4828 
112.369 -252.792 272.733 -45.0903 
109.796 -232.903 278.077 -51.6978 
107.223 -213.014 283.421 -58.3053 
104.65 -193.125 288.765 -64.9129 
124.331 -183.743 279.822 -58.3731 
144.012 -174.361 270.879 -51.8333 
163.693 -164.979 261.937 -45.2935 
183.374 -155.597 252.994 -38.7538 
203.055 -146.215 244.051 -32.214 
222.736 -136.833 235.108 -25.6742 
242.417 -127.451 226.165 -19.1345 
262.097 -118.069 217.223 -12.5947 
266.482 -122.079 196.97 -23.8547 
277.655 -114.72 197.98 -15.9031 
288.827 -107.36 198.99 -7.95156 
300 -100 200 0 

